x       x        - x       x
 4,2,4,1 4,4,2,4    4,2,2,4 4,4,4,1
x       x        - x       x
 1,4,2,4 4,2,1,4    1,4,1,4 4,2,2,4
x       x        - x       x
 1,3,3,1 3,3,1,3    1,3,1,3 3,3,3,1
                   1
x       x        + -x       x
 3,2,2,3 4,4,1,4   6 3,2,1,3 4,4,2,4
                   1
x       x        + -x       x
 2,3,2,3 4,1,1,4   6 2,3,1,3 4,1,2,4
                   1
x       x        + -x       x
 3,2,3,2 4,1,4,2   6 3,1,3,2 4,2,4,2
x       x        - x       x
 1,3,3,3 3,1,1,3    1,3,1,3 3,1,3,3
x       x        - x       x
 1,4,4,4 4,1,1,4    1,4,1,4 4,1,4,4
                   1
x       x        + -x       x
 1,3,2,3 4,2,1,4   6 1,3,1,3 4,2,2,4
                   5
x       x        - -x       x
 2,1,2,2 4,1,1,4   6 2,1,1,2 4,1,2,4
x       x        - x       x
 1,3,3,3 2,3,3,2    1,3,3,2 2,3,3,3
x       x        + 5x       x
 2,2,2,1 3,3,1,1     2,2,1,1 3,3,2,1
x       x        + 6x       x
 1,4,2,4 3,3,1,3     1,4,1,4 3,3,2,3
                   5
x       x        - -x       x
 2,2,2,1 4,1,4,1   6 2,1,2,1 4,2,4,1
x       x        - x       x
 2,4,4,1 4,4,1,4    2,4,1,4 4,4,4,1
                   1
x       x        + -x       x
 3,2,3,1 4,1,4,1   6 3,1,3,1 4,2,4,1
                   1
x       x        + -x       x
 1,4,4,2 2,3,3,3   6 1,3,3,3 2,4,4,2
x       x        + 5x       x
 2,2,2,1 3,1,1,3     2,1,2,1 3,2,1,3
                   5
x       x        - -x       x
 1,2,2,2 4,1,1,4   6 1,2,1,2 4,1,2,4
x       x        + 5x       x
 1,3,3,2 2,2,1,2     1,2,1,2 2,3,3,2
x       x        - x       x
 3,1,3,1 3,2,1,3    3,1,1,3 3,2,3,1
x       x        - x       x
 1,2,4,4 2,1,2,2    1,2,2,2 2,1,4,4
                   5
x       x        - -x       x
 2,2,2,1 4,1,2,4   6 2,1,2,1 4,2,2,4
x       x        - x       x
 2,4,2,4 4,4,1,4    2,4,1,4 4,4,2,4
x       x        - x       x
 1,3,2,3 3,3,1,3    1,3,1,3 3,3,2,3
                   1
x       x        + -x       x
 3,2,3,1 4,1,2,4   6 3,1,3,1 4,2,2,4
                   5
x       x        - -x       x
 1,4,4,2 2,2,1,2   6 1,2,1,2 2,4,4,2
                   1
x       x        + -x       x
 1,4,1,4 2,3,1,3   6 1,3,1,3 2,4,1,4
x       x        - x       x
 2,2,2,1 4,4,1,2    2,2,1,2 4,4,2,1
x       x        - x       x
 2,3,3,2 3,2,3,1    2,3,3,1 3,2,3,2
x       x        + 6x       x
 2,4,4,2 3,2,3,1     2,4,4,1 3,2,3,2
                   1
x       x        + -x       x
 2,3,2,3 4,4,1,4   6 2,3,1,3 4,4,2,4
                   1
x       x        + -x       x
 3,2,2,3 4,1,4,1   6 3,1,2,3 4,2,4,1
x       x        - x       x
 3,1,3,1 3,3,2,3    3,1,2,3 3,3,3,1
                   5
x       x        - -x       x
 2,1,2,2 4,4,1,4   6 2,1,1,2 4,4,2,4
x       x        - x       x
 3,1,2,3 3,2,1,3    3,1,1,3 3,2,2,3
                   5
x       x        - -x       x
 1,4,1,4 2,2,2,1   6 1,2,2,1 2,4,1,4
                   1
x       x        + -x       x
 3,2,2,3 4,1,2,4   6 3,1,2,3 4,2,2,4
x       x        - x       x
 2,3,3,2 3,2,2,3    2,3,2,3 3,2,3,2
                   5
x       x        - -x       x
 1,2,2,2 4,4,1,4   6 1,2,1,2 4,4,2,4
x       x        - x       x
 2,3,3,1 3,1,1,3    2,3,1,3 3,1,3,1
x       x        - x       x
 4,1,4,2 4,4,4,1    4,1,4,1 4,4,4,2
x       x        + 5x       x
 1,3,1,3 2,2,2,1     1,2,2,1 2,3,1,3
x       x        - x       x
 1,4,4,2 4,1,1,4    1,4,1,4 4,1,4,2
x       x        - x       x
 1,3,3,1 3,2,1,3    1,3,1,3 3,2,3,1
x       x        - x       x
 2,4,4,1 4,1,2,4    2,4,2,4 4,1,4,1
x       x        - x       x
 1,3,3,3 3,1,3,1    1,3,3,1 3,1,3,3
                   1
x       x        + -x       x
 3,2,3,3 4,1,1,4   6 3,1,3,3 4,2,1,4
                   1
x       x        + -x       x
 2,3,3,2 2,4,4,1   6 2,3,3,1 2,4,4,2
x       x        - x       x
 4,1,4,2 4,4,2,4    4,1,2,4 4,4,4,2
x       x        + 6x       x
 2,4,2,4 3,1,1,3     2,4,1,4 3,1,2,3
x       x        - x       x
 1,2,2,1 2,1,1,2    1,2,1,2 2,1,2,1
x       x        - x       x
 1,4,4,1 4,2,2,4    1,4,2,4 4,2,4,1
x       x        + 6x       x
 1,4,2,4 3,2,1,3     1,4,1,4 3,2,2,3
x       x        - x       x
 4,1,4,4 4,2,1,4    4,1,1,4 4,2,4,4
x       x        + 5x       x
 2,2,2,1 3,1,3,1     2,1,2,1 3,2,3,1
x       x        - x       x
 2,3,2,3 3,1,1,3    2,3,1,3 3,1,2,3
x       x        - x       x
 1,4,4,4 4,1,4,1    1,4,4,1 4,1,4,4
x       x        - x       x
 1,3,3,1 3,3,2,3    1,3,2,3 3,3,3,1
                   1
x       x        + -x       x
 3,3,2,3 4,2,1,4   6 3,3,1,3 4,2,2,4
x       x        - x       x
 2,1,2,1 3,3,1,2    2,1,1,2 3,3,2,1
                   1
x       x        + -x       x
 1,4,1,4 2,3,3,1   6 1,3,3,1 2,4,1,4
                   5
x       x        - -x       x
 2,1,2,2 4,1,4,1   6 2,1,2,1 4,1,4,2
x       x        - x       x
 1,3,2,3 3,2,1,3    1,3,1,3 3,2,2,3
x       x        - x       x
 1,3,3,3 3,1,2,3    1,3,2,3 3,1,3,3
                   1
x       x        + -x       x
 3,1,3,2 4,1,4,1   6 3,1,3,1 4,1,4,2
x       x        - x       x
 1,4,4,4 4,1,2,4    1,4,2,4 4,1,4,4
x       x        + 5x       x
 2,1,2,2 3,1,1,3     2,1,1,2 3,1,2,3
x       x        - x       x
 1,4,4,1 2,4,1,4    1,4,1,4 2,4,4,1
                   1
x       x        + -x       x
 1,4,4,4 2,3,3,2   6 1,3,3,2 2,4,4,4
x       x        - x       x
 1,2,2,1 3,3,1,2    1,2,1,2 3,3,2,1
                   5
x       x        - -x       x
 1,2,2,2 4,1,4,1   6 1,2,2,1 4,1,4,2
x       x        - x       x
 1,4,4,2 4,4,1,4    1,4,1,4 4,4,4,2
x       x        - x       x
 1,3,3,1 2,3,1,3    1,3,1,3 2,3,3,1
x       x        - x       x
 1,4,4,4 2,4,4,2    1,4,4,2 2,4,4,4
x       x        - x       x
 2,4,4,1 4,4,2,4    2,4,2,4 4,4,4,1
x       x        + 5x       x
 1,2,2,2 3,1,1,3     1,2,1,2 3,1,2,3
x       x        - x       x
 1,4,2,4 2,4,1,4    1,4,1,4 2,4,2,4
                   1
x       x        + -x       x
 1,4,4,1 2,3,1,3   6 1,3,1,3 2,4,4,1
x       x        + 5x       x
 2,2,2,1 3,1,2,3     2,1,2,1 3,2,2,3
x       x        - x       x
 3,1,3,1 3,2,2,3    3,1,2,3 3,2,3,1
                   5
x       x        - -x       x
 2,2,1,2 4,1,1,4   6 2,1,1,2 4,2,1,4
                   1
x       x        + -x       x
 1,3,2,3 2,4,1,4   6 1,3,1,3 2,4,2,4
                    1
x       x        - --x       x
 1,4,1,4 2,3,2,3   36 1,3,1,3 2,4,2,4
                   1
x       x        + -x       x
 1,4,2,4 2,3,1,3   6 1,3,1,3 2,4,2,4
x       x        + 5x       x
 1,3,3,1 2,2,2,1     1,2,2,1 2,3,3,1
                   5
x       x        - -x       x
 2,1,2,2 4,4,4,1   6 2,1,2,1 4,4,4,2
x       x        - x       x
 1,3,2,3 2,3,1,3    1,3,1,3 2,3,2,3
                   6
x       x        - -x       x
 1,4,2,4 2,1,1,2   5 1,4,1,4 2,1,2,2
                   1
x       x        + -x       x
 3,1,3,2 4,4,4,1   6 3,1,3,1 4,4,4,2
                   5
x       x        - -x       x
 1,4,4,1 2,2,2,1   6 1,2,2,1 2,4,4,1
x       x        - x       x
 1,2,3,3 2,1,2,1    1,2,2,1 2,1,3,3
                   5
x       x        - -x       x
 1,2,2,2 4,4,4,1   6 1,2,2,1 4,4,4,2
                   5
x       x        - -x       x
 1,2,2,2 1,4,1,4   6 1,2,1,2 1,4,2,4
                   1
x       x        + -x       x
 1,3,3,2 4,1,4,1   6 1,3,3,1 4,1,4,2
                   1
x       x        + -x       x
 1,3,2,3 2,1,1,2   5 1,3,1,3 2,1,2,2
x       x        - x       x
 4,1,4,2 4,2,1,4    4,1,1,4 4,2,4,2
                   5
x       x        - -x       x
 1,4,2,4 2,2,2,1   6 1,2,2,1 2,4,2,4
x       x        - x       x
 1,3,3,2 3,1,1,3    1,3,1,3 3,1,3,2
                   1
x       x        + -x       x
 3,3,2,1 4,4,1,1   6 3,3,1,1 4,4,2,1
x       x        - x       x
 1,4,4,2 4,1,4,1    1,4,4,1 4,1,4,2
x       x        - x       x
 2,3,3,1 3,1,2,3    2,3,2,3 3,1,3,1
x       x        - x       x
 3,2,3,1 3,3,1,3    3,2,1,3 3,3,3,1
x       x        + 5x       x
 1,2,2,2 1,3,1,3     1,2,1,2 1,3,2,3
                   1
x       x        + -x       x
 3,2,3,3 4,1,4,1   6 3,1,3,3 4,2,4,1
x       x        + 5x       x
 1,3,2,3 2,2,2,1     1,2,2,1 2,3,2,3
x       x        - x       x
 1,4,4,2 4,1,2,4    1,4,2,4 4,1,4,2
x       x        - x       x
 3,1,3,3 3,2,1,3    3,1,1,3 3,2,3,3
x       x        - x       x
 1,3,3,1 3,2,2,3    1,3,2,3 3,2,3,1
                   1
x       x        + -x       x
 1,4,4,2 2,3,3,2   6 1,3,3,2 2,4,4,2
                   1
x       x        + -x       x
 3,2,2,3 4,2,1,4   6 3,2,1,3 4,2,2,4
                   1
x       x        + -x       x
 3,2,3,3 4,1,2,4   6 3,1,3,3 4,2,2,4
x       x        + 5x       x
 2,1,2,2 3,1,3,1     2,1,2,1 3,1,3,2
x       x        - x       x
 2,3,3,3 3,2,3,2    2,3,3,2 3,2,3,3
x       x        - x       x
 4,1,4,4 4,2,4,1    4,1,4,1 4,2,4,4
x       x        - x       x
 1,2,2,2 2,1,2,1    1,2,2,1 2,1,2,2
                   1
x       x        + -x       x
 3,2,1,3 4,1,4,4   6 3,1,1,3 4,2,4,4
x       x        + 5x       x
 1,2,2,2 3,1,3,1     1,2,2,1 3,1,3,2
x       x        - x       x
 4,1,4,4 4,2,2,4    4,1,2,4 4,2,4,4
                   1
x       x        + -x       x
 1,4,4,1 2,3,3,1   6 1,3,3,1 2,4,4,1
x       x        - x       x
 2,4,4,1 4,2,1,4    2,4,1,4 4,2,4,1
                   1
x       x        + -x       x
 1,3,3,2 4,4,4,1   6 1,3,3,1 4,4,4,2
x       x        - x       x
 3,2,2,3 3,3,1,3    3,2,1,3 3,3,2,3
x       x        - x       x
 4,2,4,2 4,4,1,4    4,2,1,4 4,4,4,2
x       x        - x       x
 2,4,4,4 4,2,4,2    2,4,4,2 4,2,4,4
x       x        - x       x
 1,4,4,2 4,4,4,1    1,4,4,1 4,4,4,2
                   1
x       x        + -x       x
 1,4,2,4 2,3,3,1   6 1,3,3,1 2,4,2,4
x       x        - x       x
 2,4,2,4 4,2,1,4    2,4,1,4 4,2,2,4
x       x        - x       x
 2,3,3,1 3,3,1,3    2,3,1,3 3,3,3,1
x       x        - x       x
 1,4,4,1 2,4,2,4    1,4,2,4 2,4,4,1
x       x        - x       x
 1,4,4,2 4,4,2,4    1,4,2,4 4,4,4,2
x       x        - x       x
 2,3,3,3 3,1,1,3    2,3,1,3 3,1,3,3
x       x        - x       x
 2,4,4,4 4,1,1,4    2,4,1,4 4,1,4,4
x       x        - x       x
 1,3,3,1 2,3,2,3    1,3,2,3 2,3,3,1
                   1
x       x        + -x       x
 2,3,2,3 4,2,1,4   6 2,3,1,3 4,2,2,4
x       x        + 5x       x
 2,2,1,2 3,3,1,1     2,2,1,1 3,3,1,2
                   5
x       x        - -x       x
 2,2,1,2 4,1,4,1   6 2,1,1,2 4,2,4,1
                   1
x       x        + -x       x
 1,4,4,1 2,3,2,3   6 1,3,2,3 2,4,4,1
x       x        - x       x
 1,3,3,3 3,2,1,3    1,3,1,3 3,2,3,3
x       x        + 6x       x
 2,4,2,4 3,3,1,3     2,4,1,4 3,3,2,3
x       x        - x       x
 1,4,4,4 4,2,1,4    1,4,1,4 4,2,4,4
x       x        + 5x       x
 2,2,1,2 3,1,1,3     2,1,1,2 3,2,1,3
                   1
x       x        + -x       x
 1,3,3,2 2,1,2,1   5 1,3,3,1 2,1,2,2
                   5
x       x        - -x       x
 2,1,2,2 4,2,1,4   6 2,1,1,2 4,2,2,4
                   5
x       x        - -x       x
 2,2,1,2 4,1,2,4   6 2,1,1,2 4,2,2,4
                   1
x       x        + -x       x
 1,4,2,4 2,3,2,3   6 1,3,2,3 2,4,2,4
x       x        - x       x
 1,3,3,2 3,1,3,1    1,3,3,1 3,1,3,2
                   1
x       x        + -x       x
 3,2,3,2 4,1,1,4   6 3,1,3,2 4,2,1,4
                   6
x       x        - -x       x
 1,4,4,2 2,1,2,1   5 1,4,4,1 2,1,2,2
x       x        + 5x       x
 1,1,3,3 2,1,2,2     1,1,2,2 2,1,3,3
x       x        - x       x
 2,3,2,3 3,3,1,3    2,3,1,3 3,3,2,3
x       x        + 5x       x
 1,2,2,2 1,3,3,1     1,2,2,1 1,3,3,2
x       x        + 6x       x
 1,4,4,2 3,1,3,1     1,4,4,1 3,1,3,2
                   5
x       x        - -x       x
 1,2,2,2 4,2,1,4   6 1,2,1,2 4,2,2,4
x       x        + 5x       x
 2,2,2,1 3,1,3,3     2,1,2,1 3,2,3,3
                   5
x       x        - -x       x
 1,2,2,2 1,4,4,1   6 1,2,2,1 1,4,4,2
x       x        - x       x
 3,1,3,3 3,2,3,1    3,1,3,1 3,2,3,3
x       x        + 5x       x
 1,1,3,3 1,2,2,2     1,1,2,2 1,2,3,3
x       x        - x       x
 4,1,4,2 4,2,4,1    4,1,4,1 4,2,4,2
                   1
x       x        + -x       x
 3,3,3,2 4,1,4,1   6 3,3,3,1 4,1,4,2
x       x        + 5x       x
 2,1,2,2 3,3,1,3     2,1,1,2 3,3,2,3
                   1
x       x        + -x       x
 1,4,1,4 2,3,3,3   6 1,3,3,3 2,4,1,4
                   1
x       x        + -x       x
 3,2,1,3 4,1,4,2   6 3,1,1,3 4,2,4,2
x       x        - x       x
 3,1,3,2 3,3,1,3    3,1,1,3 3,3,3,2
                   5
x       x        - -x       x
 2,2,2,1 4,1,4,4   6 2,1,2,1 4,2,4,4
x       x        - x       x
 4,1,4,2 4,2,2,4    4,1,2,4 4,2,4,2
                   1
x       x        + -x       x
 3,2,3,1 4,1,4,4   6 3,1,3,1 4,2,4,4
x       x        + 5x       x
 1,2,2,2 3,3,1,3     1,2,1,2 3,3,2,3
x       x        - x       x
 1,3,3,2 3,1,2,3    1,3,2,3 3,1,3,2
                   5
x       x        - -x       x
 1,4,1,4 2,2,1,2   6 1,2,1,2 2,4,1,4
x       x        - x       x
 1,3,3,3 2,3,1,3    1,3,1,3 2,3,3,3
x       x        - x       x
 3,2,3,1 3,3,2,3    3,2,2,3 3,3,3,1
x       x        - x       x
 3,1,3,3 3,2,2,3    3,1,2,3 3,2,3,3
x       x        + 5x       x
 1,3,1,3 2,2,1,2     1,2,1,2 2,3,1,3
x       x        - x       x
 2,4,4,2 4,1,1,4    2,4,1,4 4,1,4,2
x       x        - x       x
 2,3,3,1 3,2,1,3    2,3,1,3 3,2,3,1
x       x        - x       x
 2,3,3,3 3,1,3,1    2,3,3,1 3,1,3,3
                   1
x       x        + -x       x
 3,2,2,3 4,1,4,4   6 3,1,2,3 4,2,4,4
x       x        - x       x
 4,2,4,2 4,4,4,1    4,2,4,1 4,4,4,2
                   1
x       x        + -x       x
 3,3,3,2 4,4,4,1   6 3,3,3,1 4,4,4,2
                   1
x       x        + -x       x
 1,3,3,2 1,4,4,1   6 1,3,3,1 1,4,4,2
x       x        - x       x
 1,4,4,2 4,2,1,4    1,4,1,4 4,2,4,2
x       x        + 5x       x
 1,3,3,3 2,2,2,1     1,2,2,1 2,3,3,3
x       x        - x       x
 2,1,2,1 2,2,1,2    2,1,1,2 2,2,2,1
x       x        - x       x
 2,4,4,1 4,2,2,4    2,4,2,4 4,2,4,1
x       x        - x       x
 1,3,3,3 3,2,3,1    1,3,3,1 3,2,3,3
x       x        + 5x       x
 2,2,1,2 3,1,3,1     2,1,1,2 3,2,3,1
x       x        - x       x
 4,2,4,2 4,4,2,4    4,2,2,4 4,4,4,2
x       x        + 6x       x
 2,4,2,4 3,2,1,3     2,4,1,4 3,2,2,3
x       x        - x       x
 4,1,4,1 4,4,1,4    4,1,1,4 4,4,4,1
x       x        - x       x
 1,2,2,1 2,2,1,2    1,2,1,2 2,2,2,1
x       x        - x       x
 1,3,3,2 3,3,1,3    1,3,1,3 3,3,3,2
x       x        - x       x
 2,4,4,4 4,1,4,1    2,4,4,1 4,1,4,4
x       x        - x       x
 2,3,3,1 3,3,2,3    2,3,2,3 3,3,3,1
x       x        - x       x
 4,1,2,4 4,4,1,4    4,1,1,4 4,4,2,4
x       x        - x       x
 2,3,2,3 3,2,1,3    2,3,1,3 3,2,2,3
x       x        - x       x
 1,4,4,4 4,2,4,1    1,4,4,1 4,2,4,4
x       x        - x       x
 2,3,3,3 3,1,2,3    2,3,2,3 3,1,3,3
x       x        - x       x
 2,4,4,4 4,1,2,4    2,4,2,4 4,1,4,4
x       x        - x       x
 2,2,2,1 3,3,1,2    2,2,1,2 3,3,2,1
                   5
x       x        - -x       x
 2,1,2,2 4,2,4,1   6 2,1,2,1 4,2,4,2
                   5
x       x        - -x       x
 2,2,2,1 4,1,4,2   6 2,1,2,1 4,2,4,2
x       x        - x       x
 2,4,4,2 4,4,1,4    2,4,1,4 4,4,4,2
x       x        + 5x       x
 2,1,2,2 3,3,3,1     2,1,2,1 3,3,3,2
x       x        - x       x
 1,3,3,3 3,2,2,3    1,3,2,3 3,2,3,3
                   1
x       x        + -x       x
 3,1,3,2 4,2,4,1   6 3,1,3,1 4,2,4,2
                   1
x       x        + -x       x
 3,2,3,1 4,1,4,2   6 3,1,3,1 4,2,4,2
                    1
x       x        - --x       x
 3,2,3,2 4,1,4,1   36 3,1,3,1 4,2,4,2
x       x        - x       x
 1,4,4,4 4,2,2,4    1,4,2,4 4,2,4,4
x       x        - x       x
 3,1,3,2 3,3,3,1    3,1,3,1 3,3,3,2
x       x        + 5x       x
 2,1,2,2 3,2,1,3     2,1,1,2 3,2,2,3
x       x        + 5x       x
 2,2,1,2 3,1,2,3     2,1,1,2 3,2,2,3
x       x        - x       x
 3,1,3,2 3,2,1,3    3,1,1,3 3,2,3,2
                   5
x       x        - -x       x
 1,2,2,2 4,2,4,1   6 1,2,2,1 4,2,4,2
x       x        + 5x       x
 1,2,2,2 3,3,3,1     1,2,2,1 3,3,3,2
                   1
x       x        + -x       x
 3,2,3,2 4,1,2,4   6 3,1,3,2 4,2,2,4
x       x        - x       x
 1,3,3,3 2,3,3,1    1,3,3,1 2,3,3,3
x       x        + 5x       x
 1,2,2,2 3,2,1,3     1,2,1,2 3,2,2,3
                   1
x       x        + -x       x
 2,3,2,3 2,4,1,4   6 2,3,1,3 2,4,2,4
                   1
x       x        + -x       x
 1,4,4,1 2,3,3,3   6 1,3,3,3 2,4,4,1
x       x        + 5x       x
 1,3,3,1 2,2,1,2     1,2,1,2 2,3,3,1
x       x        - x       x
 1,2,4,4 2,1,2,1    1,2,2,1 2,1,4,4
x       x        - x       x
 1,4,4,4 2,4,1,4    1,4,1,4 2,4,4,4
                   1
x       x        + -x       x
 1,4,2,4 2,3,3,3   6 1,3,3,3 2,4,2,4
                   5
x       x        - -x       x
 1,4,4,1 2,2,1,2   6 1,2,1,2 2,4,4,1
x       x        - x       x
 1,2,3,3 2,1,1,2    1,2,1,2 2,1,3,3
                   1
x       x        + -x       x
 3,2,2,3 4,1,4,2   6 3,1,2,3 4,2,4,2
                   5
x       x        - -x       x
 2,1,2,2 2,4,1,4   6 2,1,1,2 2,4,2,4
                   5
x       x        - -x       x
 2,2,2,1 4,4,1,1   6 2,2,1,1 4,4,2,1
x       x        - x       x
 3,1,3,2 3,3,2,3    3,1,2,3 3,3,3,2
                   1
x       x        + -x       x
 1,4,4,4 2,3,1,3   6 1,3,1,3 2,4,4,4
                   5
x       x        - -x       x
 1,2,2,2 2,4,1,4   6 1,2,1,2 2,4,2,4
                   5
x       x        - -x       x
 1,4,2,4 2,2,1,2   6 1,2,1,2 2,4,2,4
                   1
x       x        + -x       x
 3,2,3,2 4,4,4,1   6 3,2,3,1 4,4,4,2
x       x        - x       x
 1,3,3,3 2,3,2,3    1,3,2,3 2,3,3,3
                   1
x       x        + -x       x
 2,3,3,2 4,1,4,1   6 2,3,3,1 4,1,4,2
                   1
x       x        + -x       x
 3,3,1,2 4,4,1,1   6 3,3,1,1 4,4,1,2
x       x        + 5x       x
 2,1,2,2 2,3,1,3     2,1,1,2 2,3,2,3
                   1
x       x        + -x       x
 3,1,2,3 4,1,1,4   6 3,1,1,3 4,1,2,4
x       x        - x       x
 2,3,3,2 3,1,1,3    2,3,1,3 3,1,3,2
x       x        - x       x
 2,4,4,2 4,1,4,1    2,4,4,1 4,1,4,2
                   1
x       x        + -x       x
 1,3,3,2 4,2,4,1   6 1,3,3,1 4,2,4,2
x       x        - x       x
 1,3,3,2 3,3,3,1    1,3,3,1 3,3,3,2
x       x        + 5x       x
 1,2,2,2 2,3,1,3     1,2,1,2 2,3,2,3
x       x        + 5x       x
 1,3,2,3 2,2,1,2     1,2,1,2 2,3,2,3
x       x        - x       x
 1,3,3,2 3,2,1,3    1,3,1,3 3,2,3,2
x       x        - x       x
 1,4,4,2 4,2,4,1    1,4,4,1 4,2,4,2
x       x        + 6x       x
 1,4,4,2 3,3,3,1     1,4,4,1 3,3,3,2
x       x        - x       x
 2,4,4,2 4,1,2,4    2,4,2,4 4,1,4,2
x       x        - x       x
 1,3,3,3 3,1,3,2    1,3,3,2 3,1,3,3
x       x        - x       x
 2,3,3,1 3,2,2,3    2,3,2,3 3,2,3,1
                   5
x       x        - -x       x
 1,4,4,4 2,2,2,1   6 1,2,2,1 2,4,4,4
x       x        - x       x
 1,2,2,2 2,1,1,2    1,2,1,2 2,1,2,2
x       x        - x       x
 1,4,4,2 4,2,2,4    1,4,2,4 4,2,4,2
x       x        - x       x
 1,4,4,1 4,1,1,4    1,4,1,4 4,1,4,1
x       x        + 5x       x
 2,1,2,2 3,2,3,1     2,1,2,1 3,2,3,2
x       x        + 5x       x
 2,2,2,1 3,1,3,2     2,1,2,1 3,2,3,2
                   1
x       x        + -x       x
 1,1,4,4 2,1,3,3   6 1,1,3,3 2,1,4,4
x       x        - x       x
 3,1,3,2 3,2,3,1    3,1,3,1 3,2,3,2
x       x        - x       x
 1,4,4,4 4,1,4,2    1,4,4,2 4,1,4,4
x       x        - x       x
 4,1,4,1 4,4,2,4    4,1,2,4 4,4,4,1
x       x        - x       x
 1,3,3,2 3,3,2,3    1,3,2,3 3,3,3,2
x       x        - x       x
 1,4,2,4 4,1,1,4    1,4,1,4 4,1,2,4
                   1
x       x        + -x       x
 2,3,3,2 4,4,4,1   6 2,3,3,1 4,4,4,2
x       x        + 5x       x
 1,2,2,2 3,2,3,1     1,2,2,1 3,2,3,2
                   1
x       x        + -x       x
 1,4,1,4 2,3,3,2   6 1,3,3,2 2,4,1,4
                   1
x       x        + -x       x
 3,2,3,3 4,1,4,4   6 3,1,3,3 4,2,4,4
                   1
x       x        + -x       x
 3,1,2,3 4,4,1,4   6 3,1,1,3 4,4,2,4
                   1
x       x        + -x       x
 1,1,4,4 1,2,3,3   6 1,1,3,3 1,2,4,4
x       x        - x       x
 2,4,4,2 4,4,4,1    2,4,4,1 4,4,4,2
x       x        - x       x
 1,4,4,2 2,4,1,4    1,4,1,4 2,4,4,2
                   1
x       x        + -x       x
 1,3,2,3 4,1,1,4   6 1,3,1,3 4,1,2,4
x       x        - x       x
 1,3,3,2 2,3,1,3    1,3,1,3 2,3,3,2
x       x        - x       x
 2,4,4,2 4,4,2,4    2,4,2,4 4,4,4,2
                   1
x       x        + -x       x
 1,4,4,2 2,3,1,3   6 1,3,1,3 2,4,4,2
x       x        - x       x
 3,1,3,2 3,2,2,3    3,1,2,3 3,2,3,2
                   1
x       x        + -x       x
 1,4,4,4 2,3,3,1   6 1,3,3,1 2,4,4,4
x       x        - x       x
 2,3,3,3 3,2,1,3    2,3,1,3 3,2,3,3
x       x        - x       x
 2,4,4,4 4,2,1,4    2,4,1,4 4,2,4,4
                   5
x       x        - -x       x
 1,1,4,4 2,1,2,2   6 1,1,2,2 2,1,4,4
x       x        - x       x
 1,4,4,1 4,4,1,4    1,4,1,4 4,4,4,1
x       x        - x       x
 1,4,4,4 2,4,4,1    1,4,4,1 2,4,4,4
x       x        + 5x       x
 2,1,2,2 2,3,3,1     2,1,2,1 2,3,3,2
x       x        - x       x
 2,1,2,1 4,4,1,2    2,1,1,2 4,4,2,1
x       x        - x       x
 2,3,3,2 3,1,3,1    2,3,3,1 3,1,3,2
                   5
x       x        - -x       x
 1,1,4,4 1,2,2,2   6 1,1,2,2 1,2,4,4
                   5
x       x        - -x       x
 2,1,2,2 2,4,4,1   6 2,1,2,1 2,4,4,2
x       x        - x       x
 1,4,2,4 4,4,1,4    1,4,1,4 4,4,2,4
x       x        + 5x       x
 2,2,1,2 3,1,3,3     2,1,1,2 3,2,3,3
x       x        + 5x       x
 1,2,2,2 2,3,3,1     1,2,2,1 2,3,3,2
x       x        + 5x       x
 1,3,3,2 2,2,2,1     1,2,2,1 2,3,3,2
x       x        + 6x       x
 2,4,4,2 3,1,3,1     2,4,4,1 3,1,3,2
x       x        - x       x
 1,4,4,4 2,4,2,4    1,4,2,4 2,4,4,4
x       x        - x       x
 1,2,2,1 4,4,1,2    1,2,1,2 4,4,2,1
x       x        - x       x
 1,3,3,2 3,2,3,1    1,3,3,1 3,2,3,2
                   5
x       x        - -x       x
 1,2,2,2 2,4,4,1   6 1,2,2,1 2,4,4,2
                   5
x       x        - -x       x
 1,4,4,2 2,2,2,1   6 1,2,2,1 2,4,4,2
x       x        - x       x
 1,2,3,3 2,1,2,2    1,2,2,2 2,1,3,3
x       x        + 6x       x
 1,4,4,2 3,2,3,1     1,4,4,1 3,2,3,2
                   1
x       x        + -x       x
 1,3,2,3 4,4,1,4   6 1,3,1,3 4,4,2,4
                   5
x       x        - -x       x
 2,2,1,2 4,1,4,4   6 2,1,1,2 4,2,4,4
                   1
x       x        + -x       x
 1,4,4,4 2,3,2,3   6 1,3,2,3 2,4,4,4
                   1
x       x        + -x       x
 3,3,3,2 4,2,4,1   6 3,3,3,1 4,2,4,2
x       x        - x       x
 3,3,2,1 4,4,1,2    3,3,1,2 4,4,2,1
x       x        - x       x
 2,3,3,2 3,1,2,3    2,3,2,3 3,1,3,2
x       x        - x       x
 3,2,3,2 3,3,1,3    3,2,1,3 3,3,3,2
                   1
x       x        + -x       x
 3,2,3,3 4,1,4,2   6 3,1,3,3 4,2,4,2
x       x        - x       x
 1,3,3,2 3,2,2,3    1,3,2,3 3,2,3,2
x       x        - x       x
 4,1,4,1 4,2,1,4    4,1,1,4 4,2,4,1
x       x        - x       x
 1,3,3,1 3,1,1,3    1,3,1,3 3,1,3,1
                   1
x       x        + -x       x
 3,2,1,3 4,1,1,4   6 3,1,1,3 4,2,1,4
x       x        - x       x
 4,1,4,4 4,2,4,2    4,1,4,2 4,2,4,4
x       x        - x       x
 4,1,2,4 4,2,1,4    4,1,1,4 4,2,2,4
x       x        - x       x
 1,3,3,2 2,3,3,1    1,3,3,1 2,3,3,2
x       x        - x       x
 1,4,4,1 4,1,2,4    1,4,2,4 4,1,4,1
x       x        + 5x       x
 1,3,3,3 2,2,1,2     1,2,1,2 2,3,3,3
                   1
x       x        + -x       x
 1,3,3,2 2,4,4,1   6 1,3,3,1 2,4,4,2
                    1
x       x        - --x       x
 1,4,4,1 2,3,3,2   36 1,3,3,1 2,4,4,2
                   1
x       x        + -x       x
 1,4,4,2 2,3,3,1   6 1,3,3,1 2,4,4,2
x       x        - x       x
 2,4,4,2 4,2,1,4    2,4,1,4 4,2,4,2
x       x        + 6x       x
 1,4,2,4 3,1,1,3     1,4,1,4 3,1,2,3
x       x        - x       x
 1,4,4,2 2,4,4,1    1,4,4,1 2,4,4,2
x       x        - x       x
 2,3,3,3 3,2,3,1    2,3,3,1 3,2,3,3
                   1
x       x        + -x       x
 1,4,2,4 2,3,3,2   6 1,3,3,2 2,4,2,4
                   1
x       x        + -x       x
 3,3,2,3 4,1,1,4   6 3,3,1,3 4,1,2,4
x       x        - x       x
 2,3,3,2 3,3,1,3    2,3,1,3 3,3,3,2
x       x        - x       x
 1,3,2,3 3,1,1,3    1,3,1,3 3,1,2,3
x       x        - x       x
 1,4,4,2 2,4,2,4    1,4,2,4 2,4,4,2
x       x        - x       x
 4,2,4,1 4,4,1,4    4,2,1,4 4,4,4,1
x       x        - x       x
 1,3,3,2 2,3,2,3    1,3,2,3 2,3,3,2
x       x        - x       x
 2,4,4,4 4,2,4,1    2,4,4,1 4,2,4,4
                   5
x       x        - -x       x
 2,2,1,2 4,1,4,2   6 2,1,1,2 4,2,4,2
                   1
x       x        + -x       x
 1,4,4,2 2,3,2,3   6 1,3,2,3 2,4,4,2
x       x        - x       x
 4,2,2,4 4,4,1,4    4,2,1,4 4,4,2,4
x       x        - x       x
 2,3,3,3 3,2,2,3    2,3,2,3 3,2,3,3
x       x        - x       x
 2,4,4,4 4,2,2,4    2,4,2,4 4,2,4,4
x       x        - x       x
 1,4,4,1 4,4,2,4    1,4,2,4 4,4,4,1
                   1
x       x        + -x       x
 3,2,3,2 4,2,4,1   6 3,2,3,1 4,2,4,2
x       x        - x       x
 3,2,3,2 3,3,3,1    3,2,3,1 3,3,3,2
                   1
x       x        + -x       x
 3,3,2,3 4,4,1,4   6 3,3,1,3 4,4,2,4
                   1
x       x        + -x       x
 1,3,2,3 1,4,1,4   6 1,3,1,3 1,4,2,4
x       x        - x       x
 3,1,3,3 3,2,3,2    3,1,3,2 3,2,3,3
x       x        - x       x
 1,2,4,4 2,1,1,2    1,2,1,2 2,1,4,4
                   5
x       x        - -x       x
 2,2,2,1 4,1,1,4   6 2,1,2,1 4,2,1,4
                   1
x       x        + -x       x
 3,2,3,1 4,1,1,4   6 3,1,3,1 4,2,1,4
                   5
x       x        - -x       x
 2,2,1,2 4,4,1,1   6 2,2,1,1 4,4,1,2
                   1
x       x        + -x       x
 3,2,3,2 4,1,4,4   6 3,1,3,2 4,2,4,4
x       x        - x       x
 3,2,3,2 3,3,2,3    3,2,2,3 3,3,3,2
                   1
x       x        + -x       x
 3,2,1,3 4,1,4,1   6 3,1,1,3 4,2,4,1
x       x        - x       x
 3,1,3,1 3,3,1,3    3,1,1,3 3,3,3,1
x       x        - x       x
 4,1,4,1 4,2,2,4    4,1,2,4 4,2,4,1
                   1
x       x        + -x       x
 1,4,4,4 2,3,3,3   6 1,3,3,3 2,4,4,4
                   1
x       x        + -x       x
 2,3,3,2 4,2,4,1   6 2,3,3,1 4,2,4,2
x       x        - x       x
 2,3,3,2 3,3,3,1    2,3,3,1 3,3,3,2
x       x        - x       x
 1,3,3,1 3,1,2,3    1,3,2,3 3,1,3,1
                   1
x       x        + -x       x
 3,1,2,3 4,2,1,4   6 3,1,1,3 4,2,2,4
                   1
x       x        + -x       x
 3,2,1,3 4,1,2,4   6 3,1,1,3 4,2,2,4
                    1
x       x        - --x       x
 3,2,2,3 4,1,1,4   36 3,1,1,3 4,2,2,4
x       x        - x       x
 2,3,3,2 3,2,1,3    2,3,1,3 3,2,3,2
x       x        - x       x
 2,4,4,2 4,2,4,1    2,4,4,1 4,2,4,2
x       x        + 6x       x
 2,4,4,2 3,3,3,1     2,4,4,1 3,3,3,2
x       x        - x       x
 2,3,3,3 3,1,3,2    2,3,3,2 3,1,3,3
                   5
x       x        - -x       x
 1,4,4,4 2,2,1,2   6 1,2,1,2 2,4,4,4
x       x        - x       x
 2,4,4,2 4,2,2,4    2,4,2,4 4,2,4,2
x       x        - x       x
 1,3,3,3 3,2,3,2    1,3,3,2 3,2,3,3
x       x        + 5x       x
 2,2,1,2 3,1,3,2     2,1,1,2 3,2,3,2
x       x        - x       x
 2,4,4,1 4,1,1,4    2,4,1,4 4,1,4,1
x       x        - x       x
 3,1,2,3 3,3,1,3    3,1,1,3 3,3,2,3
x       x        - x       x
 4,1,4,2 4,4,1,4    4,1,1,4 4,4,4,2
x       x        - x       x
 2,4,4,4 4,1,4,2    2,4,4,2 4,1,4,4
x       x        - x       x
 1,4,4,1 4,2,1,4    1,4,1,4 4,2,4,1
x       x        - x       x
 2,3,3,2 3,3,2,3    2,3,2,3 3,3,3,2
x       x        - x       x
 2,4,2,4 4,1,1,4    2,4,1,4 4,1,2,4
x       x        - x       x
 1,2,4,4 2,1,3,3    1,2,3,3 2,1,4,4
x       x        - x       x
 1,4,4,4 4,2,4,2    1,4,4,2 4,2,4,4
